101 468621 6091837 741657600 1
102 468627 6089249 742348800 1
103 467128 6091857 742348800 1
104 467825 6093215 743299200 1
105 470122 6089278 741830400 1
106 472371 6087951 749088000 1
107 472378 6093148 741830400 1
108 466379 6093152 743299200 1
109 467061 6094502 743299200 1
110 469386 6093150 741830400 1
111 473876 6087954 749779200 1
112 472378 6090553 741830400 1
113 473123 6089250 749260800 1
114 471634 6094457 743299200 1
115 458136 6089248 767404800 1
116 470138 6094440 743299200 1
117 470877 6093154 741657600 1
118 468633 6094448 743299200 1
119 471633 6091851 741657600 1
121 467881 6082782 751593600 1
122 473129 6091858 741830400 1
123 456649 6089194 767404800 1
124 457373 6087949 767404800 1
125 464124 6081468 758851200 1
126 457323 6090561 767404800 1
127 458126 6091843 767923200 1
128 464132 6084047 735350400 1
129 456641 6091869 767404800 1
130 457332 6093134 767923200 1
131 467873 6090554 742348800 1
132 473128 6086651 747792000 1
133 471629 6086648 744251085 1
134 471593 6089330 741830400 1
135 470128 6086647 743299200 1
137 477627 6084046 750816000 1
138 469377 6090546 741830400 1
139 470131 6091848 741657600 1
140 470893 6090547 741830400 1
141 478377 6093144 758246400 1
142 470881 6087951 742348800 1
143 468632 6086649 743299200 1
144 469382 6087951 742348800 1
145 469383 6085352 743817600 1
146 470880 6085347 743817600 1
147 472378 6085352 745632000 1
148 467132 6086643 743558400 1
149 467878 6085350 744336000 1
150 467878 6087951 743299200 1
151 467118 6089231 743299200 1
152 462601 6086674 735350400 1
153 463391 6085344 735955200 1
154 464875 6085336 735350400 1
155 464115 6086658 735350400 1
156 465645 6089265 743299200 1
157 464899 6087950 743558400 1
158 466376 6087945 743558400 1
159 460365 6090545 767923200 1
160 461129 6089254 755222400 1
161 461864 6090547 755222400 1
162 463457 6090533 755136000 1
163 461880 6087950 755222400 1
164 462595 6089236 755222400 1
165 463400 6087935 755222400 1
166 464111 6089236 755222400 1
167 467126 6084048 745632000 1
168 465661 6084044 745718400 1
169 466377 6085348 745632000 1
170 465614 6086637 743558400 1
171 465643 6091847 755136000 1
172 464877 6090547 755136000 1
173 466380 6090522 755136000 1
174 464077 6091790 755136000 1
175 462686 6094397 768009600 1
176 463315 6093144 768009600 1
177 461877 6093183 768009600 1
178 462550 6091795 755136000 1
179 464863 6093195 755136000 1
180 458850 6087901 767404800 1
181 459636 6089239 767404800 1
182 460405 6087964 755222400 1
183 464157 6094365 767923200 1
184 458782 6090530 767404800 1
187 458857 6093130 767923200 1
188 460415 6093071 768009600 1
189 461187 6091882 791510400 1
190 459627 6091852 767923200 1
191 470129 6084054 745804800 1
192 468578 6084054 750989136 1
193 469471 6082745 751075200 1
194 471629 6084055 745632000 1
195 472378 6082760 747360000 1
196 466374 6082760 755654400 1
197 464877 6082758 755654400 1
198 470872 6082749 747792000 1
199 467134 6081503 755654400 1
200 470128 6081462 755654400 1
201 468612 6081493 757641600 1
202 471628 6081467 755654400 1
203 469378 6095750 743644800 1
204 470878 6095743 747187200 1
205 467873 6095746 743644800 1
206 470127 6097035 743644800 1
207 476123 6089251 747360000 1
208 479128 6086643 757728000 1
209 473878 6093144 749779200 1
211 474627 6094446 747187200 1
212 473126 6094444 749779200 1
213 471630 6097037 751075200 1
214 475378 6093145 747187200 1
215 472380 6095743 747187200 1
216 473127 6097034 747187200 1
217 473882 6095740 747187200 1
218 474628 6091846 747187200 1
219 474643 6086647 747792000 1
220 475378 6087945 749779200 1
221 478384 6087940 757728000 1
222 473132 6084046 747360000 1
223 474628 6089247 747360000 1
224 474626 6084047 747792000 1
225 476129 6086644 747792000 1
226 475376 6090546 747187200 1
227 477628 6086643 748569600 1
228 477618 6081457 750816000 1
229 473877 6090554 747360000 1
230 479877 6090545 758246400 1
231 475378 6085347 754185600 1
232 473878 6085347 747792000 1
233 476876 6087946 749779200 1
234 476876 6090548 754704098 1
235 476127 6091857 748569600 1
236 479879 6087947 757728000 1
237 477629 6089240 751075200 1
238 477625 6091849 748569600 1
239 479128 6089246 758246400 1
240 478378 6090544 758246400 1
241 476127 6084048 748569600 1
242 478391 6085376 757728000 1
243 476877 6085344 748569600 1
244 476128 6094443 754704098 1
245 476878 6082761 750816000 1
246 475377 6082756 758073600 1
247 479128 6091843 758246400 1
248 476881 6093145 751075200 1
249 478376 6082751 750816000 1
250 482128 6084043 759283200 1
251 478375 6095739 754617600 1
252 479127 6094439 754617600 1
253 476124 6097029 754617600 1
254 477619 6097013 754617600 1
255 480627 6084044 757728000 1
256 479877 6085343 757728000 1
257 479131 6084047 757728000 1
258 474627 6097036 754617600 1
259 475378 6095747 754704098 1
260 477627 6094444 754704098 1
261 476873 6095739 754617600 1
262 481377 6085344 757728000 1
263 480628 6086648 757728000 1
264 482876 6082757 759283200 1
265 481377 6082753 759283200 1
266 476879 6080165 758073600 1
267 479877 6082755 757728000 1
268 483625 6081458 763084800 1
269 479127 6081457 759283200 1
270 480605 6081447 759283200 1
271 482112 6081505 759283200 1
272 478377 6080155 759283200 1
273 475377 6080154 758073600 1
274 474627 6081456 758073600 1
275 476129 6081458 758073600 1
276 477627 6078852 759283200 1
277 479878 6080154 759283200 1
278 481377 6080155 762307200 1
279 479126 6078860 759456000 1
280 475376 6077555 759283200 1
281 476125 6078859 758678400 1
282 473857 6077493 783043200 1
283 472379 6080158 758678400 1
284 474626 6078857 758678400 1
285 482876 6080154 763084800 1
286 482127 6078855 764726400 1
287 480622 6078844 762307200 1
288 478376 6077552 759456000 1
289 479872 6077554 762307200 1
290 473877 6080153 758246400 1
291 476879 6077565 759283200 1
292 473127 6078855 758678400 1
293 473127 6073657 762480000 1
294 471630 6073657 762480000 1
295 473129 6081456 758073600 1
296 470881 6077554 758851200 1
297 472375 6077555 758851200 1
298 481390 6077548 764726400 1
299 471627 6078861 758678400 1
300 465625 6073661 762912000 1
301 472377 6074957 762307200 1
302 470130 6073656 762480000 1
303 470877 6074956 762307200 1
304 470925 6080134 758246400 1
305 469376 6080148 758678400 1
306 467122 6078843 758678400 1
307 468630 6078858 758678400 1
308 466376 6080162 758678400 1
309 478379 6072360 762912000 1
310 467880 6080160 758073600 1
311 469377 6077551 758851200 1
312 470114 6078845 758678400 1
313 468625 6076257 759456000 1
314 473875 6074960 762307200 1
315 467876 6077558 758851200 1
316 473878 6082753 797990400 1
317 477624 6076232 759456000 1
318 457384 6080163 766454400 1
319 470126 6076257 759456000 1
320 457378 6082753 797644800 1
321 458876 6072354 764208000 1
322 459625 6073656 764208000 1
323 458877 6080157 764208000 1
324 471625 6076247 759456000 1
325 467898 6072369 762912000 1
326 473125 6076259 759456000 1
327 479127 6073659 762912000 1
328 467127 6076254 762307200 1
329 468623 6073653 762480000 1
330 467126 6073659 762480000 1
331 469375 6072354 762912000 1
332 465628 6078860 758851200 1
333 464128 6078861 758851200 1
334 466376 6074949 762480000 1
336 472377 6072357 762912000 1
337 466378 6072353 764035200 1
338 455110 6081460 767318400 1
339 467878 6074967 762307200 1
340 469377 6074955 762307200 1
341 466377 6077557 758851200 1
342 464877 6077557 758851200 1
343 465626 6076253 762480000 1
344 463378 6077556 764035200 1
345 475375 6072355 762912000 1
346 455861 6074999 764294400 1
347 479876 6074960 762912000 1
348 478379 6074957 762912000 1
349 474651 6073709 762480000 1
350 473875 6072352 762912000 1
351 476128 6073663 762480000 1
352 479117 6076254 762307200 1
353 476877 6072356 762912000 1
354 464882 6080155 758851200 1
355 477627 6073654 762480000 1
356 465554 6081519 758851200 1
357 474625 6076258 759456000 1
358 475377 6074955 797385600 1
359 476877 6074952 762480000 1
360 458875 6074958 764208000 1
361 457375 6074955 764294400 1
362 476126 6076254 759456000 1
363 455887 6082768 767318400 1
364 456625 6076254 764294400 1
365 456608 6081436 770169600 1
366 455876 6080156 766454400 1
367 458105 6076238 766540800 1
368 455117 6076257 766540800 1
369 458126 6081457 797385600 1
370 455880 6077555 766454400 1
371 454373 6077548 766454400 1
372 455141 6084075 767318400 1
373 452877 6082750 767318400 1
374 458127 6078855 764208000 1
375 460376 6077556 764208000 1
376 458876 6077558 764208000 1
377 453621 6084056 767318400 1
378 458125 6073656 764294400 1
379 456625 6073657 764294400 1
380 481377 6095749 763603200 1
381 479867 6095750 763603200 1
382 480627 6097031 763603200 1
383 464130 6073651 764035200 1
384 461129 6073654 764294400 1
385 462628 6073652 764035200 1
386 464877 6072355 764035200 1
387 463376 6072358 764208000 1
388 452125 6081454 767318400 1
389 453620 6081500 909273600 1
390 459626 6078857 764208000 1
391 456625 6078857 766454400 1
392 479122 6097033 771379200 1
393 454374 6082779 767318400 1
394 461128 6078855 764208000 1
395 454338 6080156 766454400 1
396 461124 6081466 763776000 1
397 458116 6084058 781228800 1
398 452880 6080157 766454400 1
399 455128 6078854 766454400 1
400 459630 6084055 781056000 1
401 453629 6078854 801878400 1
402 457377 6077555 767145600 1
403 463340 6080220 763776000 1
404 456640 6084052 767145600 1
405 461878 6080168 763776000 1
406 454408 6085443 767232000 1
407 455133 6086655 767059200 1
408 462618 6078839 763776000 1
409 453628 6086668 767059200 1
410 462625 6081459 763776000 1
411 480628 6094446 770774400 1
412 460371 6080176 763776000 1
413 479878 6093145 771292800 1
414 460367 6082776 768960000 1
415 458902 6082748 767145600 1
416 459640 6081462 763776000 1
417 457380 6085353 773193600 1
418 481377 6093146 771292800 1
419 464127 6076256 764035200 1
420 482128 6094443 763603200 1
421 454377 6087951 767059200 1
422 462627 6076257 764035200 1
423 455877 6087953 767059200 1
424 456630 6086652 767059200 1
425 461878 6077556 764035200 1
426 452878 6087950 776245590 1
427 460376 6074953 764208000 1
428 473128 6071066 766627200 1
429 459627 6076254 764208000 1
430 471629 6071066 766627200 1
431 463378 6074956 764035200 1
432 461127 6076256 764035200 1
433 461877 6074955 764035200 1
434 464876 6074954 764035200 1
435 460379 6085346 781056000 1
436 462631 6084046 766627200 1
437 461880 6085351 764726400 1
438 463375 6082753 764726400 1
439 461127 6071063 766627200 1
440 460378 6072355 766627200 1
441 461880 6072358 766627200 1
442 462627 6071063 766627200 1
443 465627 6071064 767145600 1
444 464127 6071065 767145600 9
445 463378 6069764 766627200 9
446 464878 6069772 767145600 9
447 455879 6085353 773884800 1
448 461131 6084054 767145600 1
449 459632 6086652 770428800 1
450 480628 6091848 771292800 1
451 461877 6082757 769132800 9
452 482131 6091844 771292800 1
453 461130 6086650 768960000 1
454 482879 6093148 770774400 1
455 481377 6087946 783993600 1
456 482123 6089261 771292800 1
457 480627 6089246 771292800 1
458 482877 6090544 771292800 1
459 481380 6090544 771292800 1
460 483634 6078856 769737600 1
461 482879 6077554 769737600 1
462 483630 6076252 769737600 1
463 481376 6074957 836265600 1
464 484378 6077554 769737600 1
465 485877 6080156 774921600 1
466 485127 6078855 774921600 1
467 480627 6071077 830044800 9
468 479877 6072354 830044800 1
469 479128 6071063 830044800 9
470 470877 6072358 769737600 1
471 484381 6080153 774921600 1
472 485118 6081464 774921600 1
473 482128 6076256 769737600 1
474 482876 6074954 769737600 1
475 480634 6076265 769737600 1
476 481374 6072350 830044800 1
477 482887 6072348 830131200 9
478 483628 6073658 836265600 9
479 480626 6073655 830131200 1
480 482129 6073657 836265600 1
481 465627 6094449 773971200 1
482 464878 6095746 773971200 1
483 484386 6082758 774057600 1
484 463384 6095768 773971200 1
485 466375 6095744 773971200 1
486 462625 6097039 770342400 1
487 465628 6097035 773971200 1
488 464128 6097034 773971200 1
489 461885 6098279 776304000 1
490 485130 6084047 774057600 1
491 485872 6082757 774057600 1
492 486626 6081454 775008000 1
493 487377 6082757 775094400 1
494 486634 6084048 775180800 1
495 485878 6085344 775180800 1
496 488127 6084045 803692800 1
497 483629 6084037 775180800 1
498 482127 6086642 774057600 1
499 484386 6085332 774057600 1
500 488889 6080166 775008000 1
501 482875 6085343 774057600 1
502 473128 6099638 786067200 1
503 476879 6100933 786067200 1
504 476877 6098344 786067200 1
505 478378 6100935 786067200 1
506 477627 6099642 785894400 1
507 489628 6091847 782438400 1
508 486626 6091847 782438400 1
509 473880 6100937 786067200 1
510 476126 6099639 785894400 1
511 475379 6100936 786067200 1
512 488879 6077553 774921600 9
513 488877 6085342 775180800 1
514 484378 6090546 783043200 1
515 473876 6098342 785894400 1
516 488130 6076253 774921600 9
518 485877 6077553 774921600 1
519 487378 6077553 774921600 1
521 488127 6089246 783043200 1
522 478378 6098340 785894400 1
523 474633 6099638 785894400 1
524 491877 6082757 775612800 9
525 475443 6098332 785894400 1
526 490376 6082757 775612800 9
528 485874 6087932 775526400 1
529 487377 6087946 775526400 1
530 485130 6076258 774921600 1
531 486626 6076253 774921600 1
532 483626 6089241 783129600 1
534 484377 6087936 775526400 1
535 464877 6098335 776476800 1
536 463380 6098332 776476800 1
537 466377 6098335 776476800 1
538 483623 6086641 774057600 1
539 485126 6086639 775180800 1
540 482875 6087946 775526400 1
541 488879 6090546 783043200 1
542 467878 6098339 776304000 1
543 485874 6093150 782438400 1
544 488912 6087938 775526400 1
545 471597 6112637 825811200 1
546 488877 6082759 775094400 1
547 489627 6086643 775180800 1
548 468630 6097054 776390400 1
549 484378 6093146 782438400 1
550 488133 6078845 775008000 1
551 461829 6100935 776649600 1
552 486629 6078856 775008000 1
553 490378 6080154 775094400 9
554 487377 6085344 775180800 1
555 488127 6091845 782438400 1
556 489626 6078854 775008000 9
557 487376 6080154 775008000 1
558 464130 6099635 776476800 1
559 485876 6090548 783043200 1
560 462631 6099633 776476800 1
561 491127 6086643 775180800 9
562 483629 6091848 782438400 1
563 459630 6099634 776649600 1
564 490377 6087943 783129600 1
565 465625 6099636 776476800 1
566 488128 6086645 775180800 1
567 491127 6081453 775008000 9
568 461129 6099634 776649600 1
569 488118 6081454 775008000 1
570 486625 6086647 775180800 1
571 487375 6093144 782438400 1
572 489628 6081466 775008000 1
573 485131 6089247 783043200 1
574 486628 6089245 783043200 1
575 487377 6090548 783043200 1
576 485128 6091845 782438400 1
577 458879 6100936 776649600 1
578 488876 6093149 782438400 1
579 489625 6089248 783043200 1
580 490377 6090545 783043200 1
581 491128 6089247 783043200 1
582 467108 6096939 778118400 1
583 446882 6111329 778550400 1
584 457382 6100936 778118400 1
585 443133 6107436 780105600 1
586 459631 6102237 778118400 1
587 460378 6100939 778118400 1
588 453621 6104835 778377600 1
589 455876 6100938 778032000 1
590 458089 6099668 778032000 1
591 449131 6107436 779241600 1
592 455893 6103479 778377600 1
593 461247 6102343 778118400 1
594 456632 6102235 778032000 1
595 454372 6103543 778377600 1
596 458124 6102235 778032000 1
597 447632 6110026 778809600 1
598 455124 6102230 778032000 1
599 448381 6108740 778809600 1
600 443882 6106140 779241600 1
601 445373 6111326 778809600 1
602 448379 6111324 778809600 1
603 446130 6110053 778550400 1
604 460461 6098308 778118400 1
605 446127 6112630 778809600 1
606 449127 6110029 778809600 1
607 447621 6115226 778723200 1
608 448375 6113924 778550400 1
609 447625 6112628 778550400 1
610 441632 6104839 779414530 1
611 446882 6106136 779241600 1
612 449887 6108742 778809600 1
613 450626 6107438 779241600 1
614 443876 6108741 779414530 1
615 446877 6113924 778550400 1
616 446878 6108741 778809600 1
617 445379 6106138 779241600 1
618 444629 6107436 779241600 1
619 446127 6107431 779241600 1
620 443129 6104839 779414530 1
621 445374 6103547 780624000 1
622 448375 6106149 779241600 1
623 447627 6107439 779241600 1
624 446898 6103529 780019200 1
625 442394 6106133 779414530 1
626 449872 6103532 780019200 1
627 443883 6103535 780624000 1
628 449879 6106139 779241600 1
629 452131 6104840 780019200 1
630 444632 6104837 779414530 1
631 446133 6104841 780019200 7
632 449128 6104839 780019200 1
633 445380 6108739 780105600 1
634 451382 6103540 780019200 1
635 453628 6112628 781660800 1
636 452879 6103537 781228800 1
637 448376 6103536 780105600 1
638 447626 6104836 780019200 1
639 449129 6112625 780710400 1
640 451386 6106138 780019200 1
641 450626 6104845 787363200 1
642 484381 6095750 783129600 1
643 452128 6112628 781660800 1
644 440877 6103540 780796800 1
645 485168 6094425 783129600 1
646 482877 6095755 783129600 1
647 483632 6094451 783129600 1
648 442365 6103543 780624000 1
649 446133 6104841 838598400 1
650 450629 6110035 781315200 1
651 450629 6112626 781660800 1
652 455136 6104834 781833600 1
653 453630 6110031 781315200 1
654 482874 6098341 783993600 1
655 454376 6106132 781833600 1
656 455128 6110021 781315200 1
657 455130 6112626 786499200 1
658 452126 6110033 781315200 1
659 449879 6111331 781315200 1
660 451377 6111330 781660800 1
661 451378 6108742 781315200 1
662 453644 6107426 781833600 1
663 452867 6111305 781660800 1
664 454372 6111331 781660800 1
665 455133 6107421 781833600 1
666 452879 6108737 781315200 1
667 458129 6086648 781228800 1
668 458862 6085366 781228800 1
669 452132 6115232 786499200 1
670 495623 6099646 791424000 1
671 452137 6107445 781833600 1
672 454380 6108745 781833600 1
673 498625 6099637 798681600 1
674 485872 6095756 783993600 1
675 483617 6097053 783129600 1
676 486627 6094453 783993600 1
677 503878 6103549 792115200 1
678 503132 6104847 792115200 1
679 487378 6095735 783993600 1
680 505381 6106140 792201600 1
681 482125 6097040 783129600 1
682 504633 6110030 794448000 1
683 484394 6098350 783129600 1
684 452881 6119126 786672000 1
686 488128 6094444 787622400 1
687 506865 6108745 794534400 1
688 450626 6115227 786499200 1
689 453630 6117830 786672000 1
690 454381 6119130 786672000 1
691 486625 6099642 787622400 1
692 485881 6100938 787622400 1
693 452129 6117825 786672000 1
694 455125 6117828 786672000 1
695 452877 6116518 786672000 1
696 485119 6099641 787622400 1
697 488132 6099631 787622400 1
698 451376 6116528 786672000 1
699 449127 6117826 786672000 1
700 486640 6097031 787708800 1
701 449133 6115224 786499200 1
702 449879 6116524 786499200 1
703 450624 6117822 786672000 1
704 485879 6098346 787795200 1
705 485125 6097040 787708800 1
706 506879 6111327 794448000 1
707 453635 6115224 786499200 1
708 503125 6110023 792547200 1
709 487379 6098340 787622400 1
710 449884 6113933 786405608 1
711 507629 6110031 794534400 1
712 506129 6110029 794534400 1
713 454373 6116527 786672000 1
714 490375 6100937 787622400 1
715 491880 6098341 791424000 1
716 488129 6097053 787622400 1
717 490374 6095746 787708800 1
718 488885 6095750 787795200 1
719 491122 6099635 787708800 1
720 492633 6097049 787708800 1
721 487385 6100938 787708800 1
722 489640 6097045 787708800 1
723 488875 6100943 787622400 1
724 490374 6098339 791510400 1
725 488878 6098340 787708800 1
726 489623 6099648 787708800 1
727 489633 6094453 787795200 1
728 491134 6094444 787795200 1
729 491135 6097042 787708800 1
730 491883 6090553 791510400 1
731 492630 6099635 791424000 1
732 501634 6104836 792115200 1
733 491876 6100935 787795200 1
734 451378 6113928 786499200 1
735 493377 6100937 791510400 1
736 454381 6113929 786499200 1
737 505380 6111333 794448000 1
738 502380 6108731 795398400 1
739 500130 6104836 792201600 1
740 503886 6106131 792201600 1
741 499375 6106138 792460800 1
742 494132 6097037 791424000 1
743 504627 6107441 792547200 1
744 501633 6107437 792460800 1
745 500124 6107438 792460800 1
746 494227 6104717 791856000 1
747 490374 6093149 787795200 1
748 504624 6104837 792115200 1
749 462627 6102235 792806400 1
750 497139 6104836 792115200 1
751 497876 6103533 791856000 1
752 500876 6108742 792547200 1
753 503879 6111325 794448000 1
754 492628 6094455 791424000 1
755 491880 6095747 791856000 1
756 494122 6102234 787795200 1
757 497123 6102244 791856000 1
758 496389 6100936 791510400 1
759 492631 6102247 787795200 1
760 491887 6093150 787795200 1
761 495620 6102241 791856000 1
762 494129 6099635 791424000 1
763 497127 6099641 798681600 1
764 497876 6100938 798681600 1
765 497128 6107434 792460800 1
766 491134 6091844 787795200 1
767 503123 6107437 792547200 1
768 492634 6091852 791510400 1
769 498629 6102238 798681600 1
770 502383 6106118 792201600 1
771 502371 6103537 791856000 1
772 494878 6100942 791510400 1
773 491125 6102231 787795200 1
774 500875 6106137 792460800 1
775 493378 6103544 787795200 1
776 500880 6103538 791856000 1
777 499376 6103543 791856000 1
778 496393 6106125 792201600 1
779 460376 6103541 792806400 1
780 493372 6095752 791424000 1
781 458876 6103534 792806400 1
782 498626 6107426 792460800 1
783 493375 6098332 791424000 1
784 498626 6104845 792201600 1
785 457403 6103603 792806400 1
786 448374 6116527 798854400 1
787 446857 6116435 803606400 1
788 494883 6103532 791856000 1
789 497870 6106138 792201600 1
790 508378 6111332 794448000 1
791 464874 6100926 792720000 1
792 495630 6104836 792115200 1
793 496367 6103548 791856000 1
794 503875 6108731 794448000 1
795 463379 6100939 792720000 1
796 468625 6099636 792720000 1
797 466377 6100936 792806400 1
798 467127 6099635 793670400 1
799 505379 6108742 794534400 1
800 469379 6098336 795571200 1
801 506127 6107439 792547200 1
802 467879 6113920 850608000 1
803 458129 6117824 804556800 1
804 464861 6113898 798508800 1
805 473885 6106122 829008000 1
806 469388 6113910 850608000 1
807 506129 6112630 794448000 1
808 507631 6112631 794448000 1
809 472374 6106113 829008000 1
810 477631 6102236 793843200 1
811 474635 6102236 793756800 1
812 464128 6102238 855446400 9
813 471630 6102234 793756800 1
814 476130 6102235 793843200 1
815 470878 6098334 793843200 1
816 467876 6100939 805248000 1
817 470128 6099643 793843200 1
818 472390 6108727 828403200 1
819 452879 6113927 792806400 1
820 470863 6106129 829008000 1
821 472377 6098341 793843200 1
822 471630 6099637 805248000 1
823 470880 6100942 793756800 1
824 455127 6115225 792806400 1
825 473131 6102235 793843200 1
826 473132 6104850 835056000 1
827 470866 6111312 825897600 1
828 470131 6102236 795571200 1
829 471637 6104843 835056000 1
830 472377 6111310 825897600 1
831 472380 6100936 805248000 1
832 470131 6110021 829526400 1
833 473878 6111319 825897600 1
834 473869 6108729 829440000 1
835 473118 6107423 829008000 1
836 473148 6110019 829526400 1
837 474636 6107378 829526400 1
838 474638 6104815 829008000 1
839 471612 6109993 829526400 1
840 470893 6108718 829440000 1
841 474604 6110029 829440000 1
842 459629 6117835 804556800 1
843 468631 6110010 829526400 1
844 456636 6115232 798595200 1
845 458872 6116542 798854400 1
846 473120 6112633 825811200 1
847 455888 6116531 798854400 1
848 474623 6112632 825897600 1
849 469380 6111326 829526400 1
850 470153 6112651 825811200 1
851 470868 6113935 825811200 1
852 473876 6113915 825984000 1
853 468627 6112619 850694400 1
855 466379 6121723 809049600 1
856 472350 6113949 825897600 1
857 465625 6120408 834364800 9
859 462625 6112621 798595200 1
860 466392 6116539 850262400 1
861 467135 6117837 850262400 1
862 465626 6117821 798854400 1
863 461885 6111328 798595200 1
864 464129 6112623 798595200 1
865 461127 6112625 798508800 1
866 463383 6111329 798595200 1
867 461876 6113930 798595200 1
868 463370 6113918 798508800 1
869 463375 6116540 798595200 1
870 461882 6116525 798595200 1
871 464135 6115227 798595200 1
872 461136 6115225 798595200 1
873 462633 6115222 798595200 1
874 496377 6098341 797558400 1
875 494875 6098345 798681600 1
876 497879 6098339 798681600 1
877 499373 6098343 798681600 1
878 498633 6097038 797558400 1
879 497880 6095744 797558400 1
880 500122 6099626 798681600 1
881 500883 6098341 798681600 1
882 496375 6095751 797990400 1
883 495634 6097050 798681600 1
884 497127 6094451 797990400 1
885 497132 6097040 797558400 1
886 498615 6094443 797644800 1
887 499385 6095776 797990400 1
888 497882 6093161 797644800 1
889 494879 6095753 797990400 1
890 500124 6102231 799200000 1
891 503123 6102230 799200000 1
892 500125 6097036 798768000 1
893 496376 6093146 797644800 1
894 495633 6094448 797990400 1
895 493385 6093145 797990400 1
896 501630 6102237 799200000 1
897 494877 6093146 797990400 1
898 462635 6117834 798595200 8
899 464127 6117847 798595200 1
900 460377 6116515 798854400 1
901 461122 6117831 798595200 1
902 460366 6113936 798508800 1
903 458128 6115237 798508800 1
904 458872 6113933 798595200 1
905 459621 6115236 798508800 1
906 456627 6112636 798595200 1
907 464892 6116525 798595200 1
908 501628 6099617 798681600 1
909 457367 6116528 798854400 1
910 500867 6100943 799200000 1
911 502378 6100934 799200000 1
912 459636 6112637 798595200 1
913 499379 6100923 798681600 1
914 458121 6112624 798595200 1
915 457381 6119121 804556800 1
916 460369 6111327 798595200 1
917 451367 6124297 807667200 1
918 455867 6113935 798595200 1
919 456636 6117832 804556800 1
920 457377 6113920 798595200 1
921 455899 6119132 804556800 1
922 467127 6123040 806112000 1
923 456626 6120429 804556800 1
924 449122 6120447 840931200 1
925 458885 6119126 804643200 1
926 450620 6123047 807148800 1
927 464123 6123027 804729600 1
928 462622 6120419 804729600 1
929 449894 6121738 807148800 1
930 447704 6117877 803520000 1
931 458128 6120420 804556800 1
932 448398 6119131 807062400 1
933 465599 6123060 806112000 1
934 463376 6119124 804729600 1
935 460380 6119121 804643200 1
936 461881 6119132 804643200 1
937 465614 6128219 808358400 1
938 446133 6102221 806112000 1
939 446869 6100944 807667200 1
940 444638 6102239 806112000 1
941 445389 6100935 807667200 1
942 449876 6093132 807926400 1
943 443870 6100936 807667200 1
944 442383 6100939 807753600 1
945 440881 6100938 814924800 1
946 463370 6121731 804729600 1
947 461870 6121730 804643200 1
948 441622 6102247 805248000 1
949 443127 6102226 805248000 1
950 460368 6121722 804643200 1
951 450624 6091834 807926400 1
952 448382 6090562 807926400 1
953 464879 6121736 806112000 1
954 443130 6099639 814924800 1
955 459638 6120424 804643200 1
956 440137 6102221 824083200 1
957 461115 6120420 804643200 1
958 449130 6091839 807926400 1
959 464875 6119122 804729600 1
960 446868 6090556 807753600 1
961 464116 6120427 804729600 1
962 466369 6129517 808790400 1
963 454396 6121727 807148800 1
964 495628 6107435 805939200 1
965 455873 6121707 809049600 1
966 467865 6129504 810345600 1
967 450621 6094437 807840000 1
968 469373 6129520 815616000 1
969 467145 6128217 808358400 1
970 451378 6093162 807753600 1
971 452126 6094450 807753600 1
972 441622 6099645 814924800 1
973 451377 6095734 834451200 1
974 468623 6128213 808358400 1
975 470867 6126913 834278400 1
976 465645 6125612 808444800 1
977 464105 6125613 808444800 1
978 446114 6091830 807926400 1
979 464120 6128215 808358400 1
980 447631 6091833 807753600 1
981 448389 6093153 807753600 1
982 470122 6125626 808444800 1
983 466388 6124339 806112000 1
984 470121 6128218 808358400 1
985 464883 6129499 808617600 1
986 467138 6125615 810864000 1
987 468631 6125636 808444800 1
988 464872 6124321 844646400 1
989 461939 6124305 808531200 1
990 466373 6126913 810864000 1
991 462619 6123031 804729600 8
992 469376 6126917 810864000 1
993 464882 6126894 810864000 1
994 467873 6126914 808444800 1
996 494875 6106135 806025600 1
997 456629 6123015 807667200 1
998 463373 6126929 808531200 1
999 462629 6128238 808531200 1
1000 462622 6125610 808444800 
1001 461932 6126933 808444800 
1002 494127 6107432 805939200 
1003 493378 6106134 806025600 
1004 497128 6110022 805939200 
1005 494878 6108735 805939200 
1006 492628 6104833 806025600 
1007 496378 6108733 805939200 
1008 489628 6102237 806025600 
1009 490377 6103534 806025600 
1010 491127 6104832 806025600 
1011 491875 6106139 806025600 
1012 479875 6103537 807926400 
1013 479130 6102236 807926400 
1014 480625 6102236 807926400 
1015 481380 6100931 835056000 
1016 479129 6099640 853804800 
1017 480628 6099624 807840000 
1018 481388 6098336 807840000 
1019 479881 6100934 807926400 
1020 457379 6121713 834556834 
1021 455129 6123017 807667200 
1022 458896 6121700 806112000 
1023 452115 6123055 807148800 
1024 453607 6120443 807062400 
1025 451394 6121730 807148800 
1026 455130 6120446 807062400 
1027 452877 6121732 807148800 
1028 452155 6120437 807062400 
1029 449878 6119136 807062400 
1030 450620 6120440 807062400 
1031 451401 6119139 807062400 
1032 455882 6124314 811468800 
1033 461126 6123016 811555200 
1034 458882 6124312 811382400 
1035 459623 6123018 811468800 
1036 454399 6124296 807667200 
1037 452871 6124304 807667200 
1038 458129 6123015 811468800 
1039 453635 6123027 807148800 
1040 457379 6124315 811468800 
1041 458129 6125618 811382400 
1042 460376 6124317 811382400 
1043 459627 6125617 811382400 
1044 461129 6125616 811382400 
1045 456631 6125616 815702400 
1046 453615 6125619 815702400 
1047 452138 6125594 815788800 
1048 455135 6125631 815702400 
1049 458871 6126915 815702400 
1050 461131 6128205 815702400 
1051 459623 6128208 815702400 
1052 460377 6126920 815702400 
1053 444625 6099637 814924800 
1054 446124 6099660 815788800 
1055 446874 6098344 815011200 
1056 445354 6098325 815011200 
1057 444636 6097055 815788800 
1058 442374 6098344 815011200 
1059 443864 6098331 834969600 
1060 443146 6097059 815788800 
1061 445371 6095757 815011200 
1062 446872 6095747 815011200 
1063 443884 6095755 838598400 
1064 446127 6097050 815097600 
1065 446885 6093148 834278400 
1066 445402 6093154 834278400 
1067 444619 6094456 838598400 
1068 446132 6094458 834969600 
1069 447640 6102229 815011200 
1070 449128 6102238 814924800 
1071 449878 6100918 815616000 
1072 450636 6102244 814924800 
1073 448373 6095733 815097600 
1074 447618 6094454 838598400 
1075 447642 6097050 815097600 
1076 452132 6097035 815097600 
1077 448383 6098339 840931200 
1078 447634 6099634 815788800 
1079 449051 6099660 814924800 
1080 448363 6100936 815616000 
1081 449129 6097036 815097600 
1082 449890 6095725 834969600 
1083 450630 6097033 815097600 
1084 449120 6094439 834969600 
1085 469411 6124320 815529600 
1086 470868 6124332 834278400 
1087 468626 6123028 815529600 
1088 467885 6124325 815702400 
1089 471633 6125618 815788800 
1090 471625 6123029 834278400 
1091 470121 6123033 815529600 
1092 473113 6125620 815616000 
1093 473118 6123032 815529600 
1094 473879 6124322 815616000 
1095 474633 6125628 815529600 
1096 474629 6123032 834278400 
1097 477629 6128184 853027200 
1098 479148 6130807 852940800 
1099 477633 6130804 852940800 
1100 478378 6129507 853027200 
1101 479122 6133402 853027200 
1102 480617 6133342 853027200 
1103 479875 6132082 853027200 
1104 478373 6132120 852940800 
1105 479883 6129513 853027200 
1106 479129 6128238 853027200 
1107 481345 6129502 853545600 
1108 480616 6130823 852940800 
1109 482128 6130821 853027200 
1110 482129 6128232 861667200 
1111 482136 6125608 853286400 
1112 482882 6126911 853718400 
1113 483630 6125615 860371200 
1114 483630 6128207 853632000 
1115 482120 6133392 853113600 
1116 481392 6132077 853286400 
1117 482863 6132098 853113600 
1118 483626 6130818 853545600 
1119 482882 6129512 853545600 
1120 483628 6133390 853113600 
1121 482870 6121732 853286400 
1122 482123 6123012 853286400 
1124 483625 6123015 853545600 
1125 486622 6130809 872553600 
1126 485125 6133402 872467200 
1127 485884 6132107 872640000 
1128 485123 6130815 872553600 
1129 488880 6132123 872553600 
1130 488124 6133416 872380800 
1131 486616 6133413 872467200 
1132 487381 6132112 872467200 
1133 487378 6134690 871084800 
1134 488887 6134698 871084800 
1135 490381 6132115 872467200 
1136 489630 6133404 872380800 
1137 492621 6133397 872380800 
1138 490373 6134700 875318400 
1139 491873 6134709 875318400 
1140 491131 6133413 872380800 
1141 488131 6130805 862704000 
1142 489625 6130812 861580800 
1143 491125 6128225 863308800 
1144 491143 6130814 861580800 
1145 494886 6134716 872985600 
1146 493367 6134711 871257600 
1147 494124 6133418 871257600 
1148 495612 6133434 871257600 
1149 489639 6128238 863308800 
1150 490379 6129512 863308800 
1151 488875 6129511 861667200 
1152 488134 6128209 861580800 
1153 488867 6126915 863308800 
1154 488122 6125622 863395200 
1155 490367 6126912 863395200 
1156 489627 6125608 863395200 
1157 491119 6123007 853718400 
1158 491127 6125638 863395200 
1159 488886 6124291 853632000 
1160 489638 6123003 853545600 
1161 490370 6124309 878342400 
1162 488125 6123013 853545600 
1163 482130 6120421 863481600 
1164 484364 6132102 853200000 
1165 494124 6091850 838512000 
1173 493382 6090551 838512000 
1174 494128 6094447 903830400 
1175 497126 6091853 838512000 
1176 495626 6091854 838512000 
1185 472394 6116531 850608000 
1186 473884 6116539 850694400 
1187 470125 6120430 850176000 
1188 469383 6119127 850089600 
1189 468632 6120418 850521600 
1190 470127 6117839 850176000 
1191 468622 6117820 850176000 
1192 467141 6120414 850089600 
1193 474620 6117830 850176000 
1194 473128 6117827 850176000 
1195 471631 6117827 850176000 
1196 473873 6121730 850003200 
1197 472382 6121731 850003200 
1198 470878 6116526 850262400 
1199 473115 6120428 850089600 
1200 474630 6120433 850089600 
1201 469381 6121732 850089600 
1202 467879 6121729 850089600 
1203 471630 6120434 850089600 
1204 470880 6121733 850089600 
1205 467881 6116530 850262400 
1206 469383 6116533 850262400 
1207 470145 6115225 850262400 
1208 468639 6115238 850521600 
1209 470193 6107232 836179200 
1210 467879 6108732 850694400 
1211 467873 6111323 850608000 
1212 474630 6115223 850521600 
1213 469378 6108732 850694400 
1214 473128 6115222 850521600 
1215 471612 6107392 836179200 
1216 471638 6115228 850694400 
1217 467132 6110033 850608000 
1218 467127 6112620 850867200 
1219 466385 6111332 850694400 
1220 465626 6112621 850521600 
1221 464128 6110043 850521600 
1222 464874 6111330 850694400 
1223 465628 6110023 850608000 
1224 465544 6115210 850608000 
1225 466375 6113919 850780800 
1226 466378 6119109 850176000 
1227 467101 6115201 860457600 
1228 467898 6119129 850089600 
1229 470891 6119131 850089600 
1230 472374 6124336 850089600 
1231 473881 6119140 850089600 
1232 470124 6104835 828316800 
1233 473884 6103482 828316800 
1234 470881 6103534 828316800 
1235 472378 6103539 828316800 
1236 488125 6102238 867542400 
1237 490379 6106133 892339200 
1238 487378 6103535 867542400 
1239 488874 6103532 867542400 
1240 488880 6106129 892252800 
1244 452864 6090545 954115200 
1245 449127 6089247 846979200 
1246 452127 6089248 954115200 
1247 447620 6089229 847065600 
1248 451385 6090565 846892800 
1250 453628 6089249 954115200 
1251 452883 6095754 836265600 
1254 463381 6124315 836784000 
1260 450636 6089253 847065600 
1261 449874 6090539 846892800 
1262 452126 6086639 847065600 
1263 451392 6087955 846979200 
1264 472361 6119144 850089600 
1269 455868 6095796 862358400 
1270 479792 6126970 856828800 
1271 455143 6089276 954115200 
1272 480536 6128264 854928000 
1273 477539 6120471 856742400 
1274 481289 6124368 854928000 
1275 475287 6124381 856224000 
1276 452964 6098282 862272000 
1277 476035 6123071 856828800 
1278 479788 6124372 856656000 
1279 476789 6126982 854928000 
1280 458882 6095770 847065600 
1281 478282 6126977 854928000 
1282 455128 6096998 846892800 
1283 479789 6121775 856742400 
1284 481291 6126974 856224000 
1285 480628 6104829 855619200 
1286 451360 6100928 846547200 
1287 476033 6120475 856742400 
1288 488127 6104830 892252800 
1289 477542 6125673 856224000 
1290 489629 6104835 867542400 
1291 479036 6120474 856742400 
1292 480540 6125678 856224000 
1293 476041 6125682 854841600 
1294 477534 6123071 856828800 
1295 480535 6120477 856656000 
1296 476785 6124364 856224000 
1297 479040 6125677 856224000 
1298 478287 6124373 856137600 
1301 476788 6121769 856828800 
1302 481286 6121772 856742400 
1303 475289 6121772 856828800 
1304 475377 6126911 854928000 
1305 484372 6111319 866419200 
1306 460376 6095748 847065600 
1307 478285 6121774 856742400 
1308 453688 6096989 846633600 
1309 457382 6098341 847065600 
1310 480542 6123077 857174400 
1312 479032 6123068 857865600 
1313 452873 6100930 846547200 
1314 444572 6110010 846892800 
1315 455939 6098330 846892800 
1316 451383 6098334 846892800 
1318 486660 6102143 867024000 
1319 479877 6098335 867110400 
1320 483742 6099574 867024000 
1321 491887 6103528 867024000 
1322 459626 6094456 954028800 
1323 458031 6097093 862272000 
1324 455152 6099733 846547200 
1326 458880 6098335 846892800 
1327 454372 6100931 846633600 
1330 455124 6094449 863568000 
1332 473877 6080153 919728000 
1334 456631 6094445 862358400 
1335 461189 6094367 954028800 
1336 455881 6093145 862358400 
1337 449879 6098336 846892800 
1338 453628 6102229 902880000 
1339 452121 6102233 846547200 
1340 452120 6099632 846720000 
1345 485881 6106126 891993600 
1346 484371 6129509 860889600 
1347 485123 6128214 862099200 
1348 486624 6128212 861753600 
1349 456627 6097033 846892800 
1350 454397 6095726 847065600 
1352 459627 6097034 846892800 
1353 483630 6120414 861667200 
1354 485877 6111309 864086400 
1355 484372 6124319 861667200 
1356 478384 6113917 856656000 
1357 476127 6112632 856569600 
1358 485872 6124317 861753600 
1359 487375 6129513 866505600 
1360 482853 6124371 860371200 
1361 456626 6099640 846547200 
1362 475382 6113927 856656000 
1363 476876 6113928 856656000 
1364 477633 6115228 856656000 
1365 479877 6113930 856656000 
1366 476118 6117813 856828800 
1367 475384 6116522 856656000 
1368 479129 6115230 856656000 
1369 485872 6129517 860889600 
1370 476887 6116519 856742400 
1371 475378 6111331 857347200 
1372 476874 6111329 856569600 
1373 476135 6115219 856656000 
1374 479120 6112629 856569600 
1375 487374 6111325 863568000 
1378 482873 6116525 861494400 
1379 484379 6119120 861494400 
1380 487376 6119121 861580800 
1381 486626 6125619 861753600 
1382 473873 6126921 866332800 
1383 485125 6115224 861494400 
1384 485125 6125617 861753600 
1385 492625 6110024 891129600 
1386 484381 6113924 863913600 
1387 485873 6126917 861753600 
1388 493384 6119111 863395200 
1389 492625 6120415 864518400 
1390 483623 6115221 861580800 
1391 482128 6115223 861580800 
1392 487377 6126915 861753600 
1393 487374 6108728 892512000 
1394 484375 6126913 861753600 
1395 485879 6119122 861667200 
1396 482131 6112622 865641600 
1397 486624 6115224 863568000 
1398 482868 6113927 863913600 
1399 484374 6121717 861667200 
1400 485878 6121722 861580800 
1401 487374 6113922 863568000 
1402 482121 6117822 863913600 
1403 485134 6123025 863568000 
1404 485130 6104828 863481600 
1405 485875 6116521 863827200 
1406 483625 6117819 863913600 
1407 488877 6111321 864086400 
1408 491125 6112623 891907200 
1409 489627 6112628 866419200 
1410 488124 6112624 863827200 
1411 481331 6119151 856656000 
1412 481380 6106130 855619200 
1413 478330 6119147 856656000 
1414 481374 6103532 892339200 
1415 483621 6104826 862963200 
1416 486627 6104832 867110400 
1417 490375 6111328 866505600 
1418 476839 6119147 856742400 
1419 477629 6110038 856396800 
1420 479126 6110035 856310400 
1421 475375 6108736 856569600 
1422 481379 6108736 856224000 
1423 485864 6113926 863481600 
1424 480622 6110032 857174400 
1425 476876 6108731 856569600 
1426 478383 6108728 856224000 
1427 479877 6116518 856656000 
1428 479879 6108734 856224000 
1429 476129 6107439 856051200 
1430 480628 6107435 856137600 
1431 481384 6116523 856656000 
1432 477631 6107430 856137600 
1433 479130 6107432 856224000 
1434 479825 6119138 856742400 
1435 479121 6117822 856656000 
1436 476874 6106126 856137600 
1437 478383 6103529 855532800 
1438 475374 6119114 857952000 
1439 480637 6117821 856656000 
1440 479872 6106130 856224000 
1441 475382 6103542 855446400 
1442 477622 6104834 855619200 
1443 479113 6104878 855619200 
1444 476888 6103550 855532800 
1445 475372 6106127 856137600 
1446 478376 6106124 856310400 
1447 476129 6104837 856137600 
1448 486678 6110024 865728000 
1449 477633 6112643 856051200 
1450 491127 6115223 863827200 
1451 495628 6115217 864604800 
1452 488123 6110021 865728000 
1453 490374 6116516 866937600 
1454 495626 6117819 864864000 
1455 493374 6116518 864518400 
1456 483623 6110025 864000000 
1457 491875 6116521 866937600 
1458 491874 6113919 891907200 
1459 483626 6102233 898387200 
1460 482877 6108732 864000000 
1461 477621 6117826 856915200 
1462 478378 6116527 856742400 
1463 485134 6110023 864000000 
1464 485884 6108725 864691200 
1465 488877 6113923 865382400 
1466 496376 6113924 891043200 
1467 482877 6103532 892339200 
1468 482879 6119127 856915200 
1469 489615 6110031 865728000 
1470 497126 6112629 891388800 
1471 494880 6129511 873072000 
1472 462635 6117834 859852800 
1473 485135 6107424 892512000 
1474 494125 6115217 891388800 
1475 494876 6113920 865209600 
1476 494128 6117822 864864000 
1477 492626 6115222 865123200 
1478 475377 6132106 868838400 
1480 488876 6121716 864518400 
1481 476122 6128210 866851200 
1482 474628 6130815 866937600 
1483 476881 6132105 867542400 
1484 497871 6129514 873244800 
1485 474625 6128234 871776000 
1486 472370 6126917 867542400 
1487 476866 6129519 866419200 
1488 492628 6128211 873158400 
1489 493377 6129509 873072000 
1490 495628 6112621 864172800 
1491 484380 6108730 866505600 
1492 483628 6107428 866419200 
1493 491878 6119122 864518400 
1494 492635 6117823 864086400 
1495 493378 6111329 864604800 
1496 494877 6119119 863395200 
1497 494875 6116520 865123200 
1498 482122 6110027 864000000 
1499 482876 6106130 862963200 
1500 488869 6108728 891907200 
1501 477628 6133403 868838400 
1502 490369 6113922 865296000 
1503 491872 6111319 864604800 
1504 491125 6110026 891129600 
1505 492623 6112630 891907200 
1506 472378 6132104 868838400 
1507 475370 6129512 866505600 
1508 494128 6112624 865296000 
1509 488879 6116529 863568000 
1510 489626 6115219 864691200 
1511 495628 6120420 864518400 
1512 493369 6113917 865296000 
1513 488117 6115224 867110400 
1514 494872 6111327 864604800 
1515 482122 6107427 863222400 
1516 494125 6120416 866505600 
1517 482125 6104838 863222400 
1518 480624 6115221 856310400 
1519 480632 6112624 856051200 
1520 481377 6113925 856310400 
1521 487383 6106138 891993600 
1522 483635 6112613 865641600 
1523 482877 6111331 866419200 
1524 486622 6112628 865728000 
1525 478376 6111318 856569600 
1526 476134 6110032 856310400 
1527 479882 6111319 856569600 
1528 481379 6111331 856656000 
1529 482123 6102232 892339200 
1530 487373 6121721 863827200 
1531 485124 6120434 861580800 
1532 486626 6123017 862185600 
1533 485130 6112628 866505600 
1534 484375 6106138 862963200 
1535 484376 6116526 863913600 
1536 486624 6117815 868838400 
1537 487378 6124326 861667200 
1538 485126 6117816 863827200 
1539 486629 6120418 861667200 
1540 487372 6116519 863654400 
1541 494879 6121721 864518400 
1542 490374 6121719 864518400 
1543 491877 6121720 864518400 
1544 493379 6121724 864518400 
1545 473881 6129507 866332800 
1546 472376 6129520 866419200 
1547 471630 6130809 867024000 
1548 473124 6128221 867110400 
1549 470866 6129491 866505600 
1550 473126 6130817 866851200 
1551 473877 6132103 868838400 
1552 471620 6128219 867110400 
1553 476121 6130813 867024000 
1554 493379 6132113 872640000 
1555 494882 6132114 872640000 
1556 494128 6130808 872985600 
1557 495632 6130813 872985600 
1558 492627 6123019 873763200 
1559 491877 6124314 873590400 
1560 494127 6125617 873504000 
1561 494872 6124315 873590400 
1562 494127 6123019 873763200 
1563 491875 6129517 873072000 
1564 496385 6132113 872985600 
1565 491887 6132054 872640000 
1566 497876 6126912 874108800 
1567 497129 6125613 871948800 
1568 500116 6117814 877478400 
1569 498625 6117818 877392000 
1571 499379 6121724 877478400 
1572 493374 6124315 873590400 
1573 500879 6121718 897264000 
1576 497122 6128208 873244800 
1577 497127 6123017 872985600 
1578 500873 6124319 873158400 
1579 497878 6119117 877392000 
1580 500875 6126918 886377600 
1581 498629 6123017 872985600 
1582 499375 6124316 871948800 
1583 500126 6120419 877478400 
1584 498631 6120404 877219200 
1585 497124 6120421 877219200 
1586 496372 6126916 874108800 
1587 492630 6130813 872985600 
1588 498625 6128213 873849600 
1589 495624 6123016 873763200 
1590 499382 6119113 877824000 
1591 502377 6121718 897436800 
1592 497132 6115223 877996800 
1593 498631 6115226 877305600 
1594 494129 6128209 873158400 
1595 495629 6128210 873072000 
1596 494875 6126914 873158400 
1597 492630 6125619 873504000 
1598 498641 6125603 873849600 
1599 499372 6126913 873849600 
1600 506132 6123021 886982400 
1601 496378 6119118 877392000 
1602 497125 6117822 877132800 
1603 507630 6120414 886982400 
1604 500119 6125624 877824000 
1605 495627 6125617 873590400 
1606 497126 6130816 873244800 
1607 491874 6126914 873849600 
1608 493376 6126917 873504000 
1609 496381 6129509 873244800 
1610 507625 6117822 887155200 
1611 500876 6116517 877478400 
1612 499378 6116519 877478400 
1613 508375 6119107 887068800 
1614 500127 6123023 873072000 
1615 496376 6124327 871948800 
1616 501629 6123013 873158400 
1617 497879 6124324 871948800 
1619 500131 6115224 878342400 
1620 499379 6129514 881366400 
1621 506129 6117821 887068800 
1623 503878 6116524 883526400 
1624 506881 6121713 886982400 
1626 505377 6121717 887068800 
1628 506874 6119115 887068800 
1629 505377 6116522 887068800 
1630 506130 6120419 886982400 
1631 500127 6128216 881366400 
1632 503124 6117817 883526400 
1633 503882 6121718 877996800 
1634 504626 6117824 877737600 
1635 506878 6116522 887068800 
1636 501630 6117812 878342400 
1637 500876 6119112 877737600 
1638 502382 6126913 887068800 
1639 503880 6119111 877737600 
1640 497884 6116512 877305600 
1641 496380 6121720 877305600 
1642 496378 6116519 877132800 
1643 497882 6121716 877478400 
1644 504624 6120429 877737600 
1645 503880 6124318 887068800 
1646 503127 6120421 877996800 
1647 503127 6123016 886896000 
1648 502385 6116527 883526400 
1649 501611 6128214 887846400 
1650 500878 6129512 881366400 
1651 501630 6125611 887068800 
1652 503129 6125610 887068800 
1653 505377 6119119 887068800 
1654 498627 6130813 898732800 
1655 502377 6119116 877737600 
1656 501630 6120418 877996800 
1657 504627 6123016 887068800 
1658 502378 6124316 886896000 
1659 499388 6132129 888451200 
1660 500129 6130813 888451200 
1661 462619 6123031 897436800 
1662 501629 6130816 888451200 
1663 497887 6132107 888451200 
1664 497125 6133402 888192000 
1665 504630 6128215 887846400 
1666 498625 6133423 888451200 
1667 505381 6126917 887068800 
1668 503879 6129512 886896000 
1669 502382 6129515 884390400 
1670 503131 6128217 886377600 
1671 505378 6124325 887846400 
1672 506128 6125615 886982400 
1673 504628 6125612 887068800 
1674 503877 6126919 887068800 
1675 507629 6123013 886982400 
1676 508371 6121721 886982400 
1677 506878 6124318 887068800 
1678 507625 6115223 887068800 
1679 506875 6113922 887155200 
1680 505378 6113924 887155200 
1681 504623 6112642 887155200 
1682 506125 6115218 888192000 
1683 502459 6113897 901324800 
1684 503130 6115224 883526400 
1685 503121 6112464 888710400 
1686 502382 6111319 891648000 
1687 504626 6115219 888192000 
1688 501629 6115227 883526400 
1689 503876 6113926 888192000 
1690 500878 6111330 891648000 
1691 501626 6110037 891734400 
1692 501623 6112601 894153600 
1693 492625 6107435 892944000 
1694 500895 6113824 906249600 
1695 466382 6106132 893030400 
1696 499377 6108732 891734400 
1697 497879 6108730 891734400 
1698 497871 6111324 891388800 
1699 500130 6110041 891993600 
1700 498628 6112621 891302400 
1701 500126 6112628 891302400 
1702 491136 6107418 892944000 
1703 496374 6111323 891475200 
1704 499384 6113926 891043200 
1705 494124 6110030 891907200 
1706 495627 6110025 891129600 
1707 491859 6108740 891820800 
1708 490375 6108728 891820800 
1709 498627 6110028 891734400 
1710 499375 6111325 891388800 
1711 497879 6113927 891043200 
1712 493377 6108737 892944000 
1713 482878 6100930 892425600 
1714 485129 6102235 887673600 
1715 482132 6099624 892425600 
1716 484379 6100933 892425600 
1717 469376 6106128 893030400 
1718 485872 6103532 892339200 
1719 467862 6106136 891734400 
1720 484374 6103534 892339200 
1721 461875 6106129 888451200 
1722 461123 6104807 888451200 
1723 458873 6106122 888451200 
1724 460379 6106137 888710400 
1725 458127 6104830 895881600 
1726 457373 6106130 895968000 
1727 459631 6104836 895881600 
1728 456623 6104837 895881600 
1729 459624 6107432 896140800 
1730 455878 6106124 895968000 
1731 456623 6107430 896140800 
1732 458124 6107423 896140800 
1733 458877 6108731 896227200 
1734 455881 6108733 896140800 
1735 461132 6107431 896227200 
1736 457378 6108725 896572800 
1737 459624 6110023 900806400 
1738 456626 6110023 900806400 
1739 458132 6110020 896572800 
1740 461124 6110021 896745600 
1741 461874 6108730 900806400 
1742 457378 6111317 900806400 
1743 462629 6110020 900806400 
1744 458878 6111322 900806400 
1745 463379 6108720 893203200 
1746 462625 6107430 892857600 
1747 460380 6108727 896572800 
1748 463378 6103533 906249600 
1749 461874 6103529 892944000 
1750 465628 6102248 906249600 
1751 463341 6106277 896832000 
1752 464867 6106135 893030400 
1753 467132 6102229 896832000 
1754 464876 6103423 906249600 
1755 455874 6111322 901411200 
1756 469375 6103529 949674955 
1757 462721 6104612 949680762 
1758 466376 6103528 949679647 
1759 467879 6103523 949674955 
1778 464128 6104827 1045316427
1781 465625 6120408 951436800 
1782 455879 6090541 954115200 
1783 454377 6090522 1004371356
1784 458129 6094461 954028800 
1785 457370 6095759 954028800 
1787 454376 6093146 954115200 
1789 452063 6092000 951868800 
1791 465783 6107599 966384000 
1793 464128 6104827 949767552 
1794 465634 6104837 950486400 
1795 467120 6104825 949757417 
1796 468624 6104821 949761060 
1797 466377 6108724 951091200 
1798 468624 6107287 949762114 
1799 464128 6102238 975763350 
1800 469309 6100880 950400000 
1801 453643 6094494 954028800 
1802 461877 6082757 921369600 
1803 488097 6107632 922579200 
1804 489607 6107497 922579200 
1806 455129 6091845 954115200 
1807 486697 6107574 922579200 
1809 452840 6093320 954028800 
1817 467111 6107423 966729600 
1818 464789 6108686 966729600 
1819 464133 6107410 966988800 
1821 477623 6104835 970099200 
1822 450624 6099630 1046274392
1824 464128 6102239 1039534296
1828 469375 6103529 983038879 
1834 467879 6103523 984240472 
1849 468624 6104821 1042323229
1850 465634 6104837 1042317333
1851 466377 6108725 1042317197
1853 456626 6078857 1052655178
1854 467875 6113823 1065204414
1860 489638 6123002 1116768263
1861 491116 6123009 1116768081
1871 475382 6103542 1170799583
1873 476124 6097029 1180710829
1875 502377 6119116 1189289143
1876 473869 6108729 1196115238
1877 478378 6098340 1196194388
1878 471612 6109993 1194818783
1879 477633 6115228 1196100349
1880 474623 6112632 1195920247
1881 473876 6113915 1196014150
